Trials, 2, area, 4, area, 8, area, 16, area, 32, area, 64, area, 128, area, 256, area, 512, area, 

1, 0.16, 0.00 0.44, 3.53 1.24, 5.54 2.31, 6.19 3.20, 6.39 3.55, 6.45 3.60, 6.47 3.70, 6.48 3.72, 6.48 

2, 0.04, 0.00 0.14, 3.53 0.45, 5.54 1.79, 6.19 3.97, 6.39 6.04, 6.45 7.07, 6.47 7.35, 6.48 7.41, 6.48 

4, 0.02, 0.00 0.09, 3.53 0.35, 5.54 1.29, 6.19 3.95, 6.39 8.63, 6.45 12.47, 6.47 14.05, 6.48 14.41, 6.48 

8, 0.02, 0.00 0.07, 3.53 0.23, 5.54 1.01, 6.19 3.62, 6.39 10.13, 6.45 17.78, 6.47 22.29, 6.48 23.46, 6.48 

